0_0 0.868056 1.250000 0.500000 0.500000 0.0 0.0 1.0 0.0 0.0 0.500000  0.0 1.0 0.0 0.500000  0.0 0.0 1.0 0.0
0_1 0.868056 1.250000 0.500000 0.502667 0.0 0.0 1.0 0.0 0.0 0.500000  0.0 1.0 0.0 0.498720  0.0 0.0 1.0 0.0
0_2 0.868056 1.250000 0.500000 0.505333 0.0 0.0 1.0 0.0 0.0 0.500000  0.0 1.0 0.0 0.497440  0.0 0.0 1.0 0.0
0_3 0.868056 1.250000 0.500000 0.508000 0.0 0.0 1.0 0.0 0.0 0.500000  0.0 1.0 0.0 0.496160  0.0 0.0 1.0 0.0
0_4 0.868056 1.250000 0.500000 0.510667 0.0 0.0 1.0 0.0 0.0 0.500000  0.0 1.0 0.0 0.494880  0.0 0.0 1.0 0.0
0_5 0.868056 1.250000 0.500000 0.513333 0.0 0.0 1.0 0.0 0.0 0.500000  0.0 1.0 0.0 0.493600  0.0 0.0 1.0 0.0
0_6 0.868056 1.250000 0.500000 0.516000 0.0 0.0 1.0 0.0 0.0 0.500000  0.0 1.0 0.0 0.492320  0.0 0.0 1.0 0.0
0_7 0.868056 1.250000 0.500000 0.518667 0.0 0.0 1.0 0.0 0.0 0.500000  0.0 1.0 0.0 0.491040  0.0 0.0 1.0 0.0
1_0 0.868056 1.250000 0.501852 0.500000 0.0 0.0 1.0 0.0 0.0 0.498720  0.0 1.0 0.0 0.500000  0.0 0.0 1.0 0.0
1_1 0.868056 1.250000 0.501852 0.502667 0.0 0.0 1.0 0.0 0.0 0.498720  0.0 1.0 0.0 0.498720  0.0 0.0 1.0 0.0
1_2 0.868056 1.250000 0.501852 0.505333 0.0 0.0 1.0 0.0 0.0 0.498720  0.0 1.0 0.0 0.497440  0.0 0.0 1.0 0.0
1_3 0.868056 1.250000 0.501852 0.508000 0.0 0.0 1.0 0.0 0.0 0.498720  0.0 1.0 0.0 0.496160  0.0 0.0 1.0 0.0
1_4 0.868056 1.250000 0.501852 0.510667 0.0 0.0 1.0 0.0 0.0 0.498720  0.0 1.0 0.0 0.494880  0.0 0.0 1.0 0.0
1_5 0.868056 1.250000 0.501852 0.513333 0.0 0.0 1.0 0.0 0.0 0.498720  0.0 1.0 0.0 0.493600  0.0 0.0 1.0 0.0
1_6 0.868056 1.250000 0.501852 0.516000 0.0 0.0 1.0 0.0 0.0 0.498720  0.0 1.0 0.0 0.492320  0.0 0.0 1.0 0.0
1_7 0.868056 1.250000 0.501852 0.518667 0.0 0.0 1.0 0.0 0.0 0.498720  0.0 1.0 0.0 0.491040  0.0 0.0 1.0 0.0
2_0 0.868056 1.250000 0.503704 0.500000 0.0 0.0 1.0 0.0 0.0 0.497440  0.0 1.0 0.0 0.500000  0.0 0.0 1.0 0.0
2_1 0.868056 1.250000 0.503704 0.502667 0.0 0.0 1.0 0.0 0.0 0.497440  0.0 1.0 0.0 0.498720  0.0 0.0 1.0 0.0
2_2 0.868056 1.250000 0.503704 0.505333 0.0 0.0 1.0 0.0 0.0 0.497440  0.0 1.0 0.0 0.497440  0.0 0.0 1.0 0.0
2_3 0.868056 1.250000 0.503704 0.508000 0.0 0.0 1.0 0.0 0.0 0.497440  0.0 1.0 0.0 0.496160  0.0 0.0 1.0 0.0
2_4 0.868056 1.250000 0.503704 0.510667 0.0 0.0 1.0 0.0 0.0 0.497440  0.0 1.0 0.0 0.494880  0.0 0.0 1.0 0.0
2_5 0.868056 1.250000 0.503704 0.513333 0.0 0.0 1.0 0.0 0.0 0.497440  0.0 1.0 0.0 0.493600  0.0 0.0 1.0 0.0
2_6 0.868056 1.250000 0.503704 0.516000 0.0 0.0 1.0 0.0 0.0 0.497440  0.0 1.0 0.0 0.492320  0.0 0.0 1.0 0.0
2_7 0.868056 1.250000 0.503704 0.518667 0.0 0.0 1.0 0.0 0.0 0.497440  0.0 1.0 0.0 0.491040  0.0 0.0 1.0 0.0
3_0 0.868056 1.250000 0.505556 0.500000 0.0 0.0 1.0 0.0 0.0 0.496160  0.0 1.0 0.0 0.500000  0.0 0.0 1.0 0.0
3_1 0.868056 1.250000 0.505556 0.502667 0.0 0.0 1.0 0.0 0.0 0.496160  0.0 1.0 0.0 0.498720  0.0 0.0 1.0 0.0
3_2 0.868056 1.250000 0.505556 0.505333 0.0 0.0 1.0 0.0 0.0 0.496160  0.0 1.0 0.0 0.497440  0.0 0.0 1.0 0.0
3_3 0.868056 1.250000 0.505556 0.508000 0.0 0.0 1.0 0.0 0.0 0.496160  0.0 1.0 0.0 0.496160  0.0 0.0 1.0 0.0
3_4 0.868056 1.250000 0.505556 0.510667 0.0 0.0 1.0 0.0 0.0 0.496160  0.0 1.0 0.0 0.494880  0.0 0.0 1.0 0.0
3_5 0.868056 1.250000 0.505556 0.513333 0.0 0.0 1.0 0.0 0.0 0.496160  0.0 1.0 0.0 0.493600  0.0 0.0 1.0 0.0
3_6 0.868056 1.250000 0.505556 0.516000 0.0 0.0 1.0 0.0 0.0 0.496160  0.0 1.0 0.0 0.492320  0.0 0.0 1.0 0.0
3_7 0.868056 1.250000 0.505556 0.518667 0.0 0.0 1.0 0.0 0.0 0.496160  0.0 1.0 0.0 0.491040  0.0 0.0 1.0 0.0
4_0 0.868056 1.250000 0.507407 0.500000 0.0 0.0 1.0 0.0 0.0 0.494880  0.0 1.0 0.0 0.500000  0.0 0.0 1.0 0.0
4_1 0.868056 1.250000 0.507407 0.502667 0.0 0.0 1.0 0.0 0.0 0.494880  0.0 1.0 0.0 0.498720  0.0 0.0 1.0 0.0
4_2 0.868056 1.250000 0.507407 0.505333 0.0 0.0 1.0 0.0 0.0 0.494880  0.0 1.0 0.0 0.497440  0.0 0.0 1.0 0.0
4_3 0.868056 1.250000 0.507407 0.508000 0.0 0.0 1.0 0.0 0.0 0.494880  0.0 1.0 0.0 0.496160  0.0 0.0 1.0 0.0
4_4 0.868056 1.250000 0.507407 0.510667 0.0 0.0 1.0 0.0 0.0 0.494880  0.0 1.0 0.0 0.494880  0.0 0.0 1.0 0.0
4_5 0.868056 1.250000 0.507407 0.513333 0.0 0.0 1.0 0.0 0.0 0.494880  0.0 1.0 0.0 0.493600  0.0 0.0 1.0 0.0
4_6 0.868056 1.250000 0.507407 0.516000 0.0 0.0 1.0 0.0 0.0 0.494880  0.0 1.0 0.0 0.492320  0.0 0.0 1.0 0.0
4_7 0.868056 1.250000 0.507407 0.518667 0.0 0.0 1.0 0.0 0.0 0.494880  0.0 1.0 0.0 0.491040  0.0 0.0 1.0 0.0
5_0 0.868056 1.250000 0.509259 0.500000 0.0 0.0 1.0 0.0 0.0 0.493600  0.0 1.0 0.0 0.500000  0.0 0.0 1.0 0.0
5_1 0.868056 1.250000 0.509259 0.502667 0.0 0.0 1.0 0.0 0.0 0.493600  0.0 1.0 0.0 0.498720  0.0 0.0 1.0 0.0
5_2 0.868056 1.250000 0.509259 0.505333 0.0 0.0 1.0 0.0 0.0 0.493600  0.0 1.0 0.0 0.497440  0.0 0.0 1.0 0.0
5_3 0.868056 1.250000 0.509259 0.508000 0.0 0.0 1.0 0.0 0.0 0.493600  0.0 1.0 0.0 0.496160  0.0 0.0 1.0 0.0
5_4 0.868056 1.250000 0.509259 0.510667 0.0 0.0 1.0 0.0 0.0 0.493600  0.0 1.0 0.0 0.494880  0.0 0.0 1.0 0.0
5_5 0.868056 1.250000 0.509259 0.513333 0.0 0.0 1.0 0.0 0.0 0.493600  0.0 1.0 0.0 0.493600  0.0 0.0 1.0 0.0
5_6 0.868056 1.250000 0.509259 0.516000 0.0 0.0 1.0 0.0 0.0 0.493600  0.0 1.0 0.0 0.492320  0.0 0.0 1.0 0.0
5_7 0.868056 1.250000 0.509259 0.518667 0.0 0.0 1.0 0.0 0.0 0.493600  0.0 1.0 0.0 0.491040  0.0 0.0 1.0 0.0
6_0 0.868056 1.250000 0.511111 0.500000 0.0 0.0 1.0 0.0 0.0 0.492320  0.0 1.0 0.0 0.500000  0.0 0.0 1.0 0.0
6_1 0.868056 1.250000 0.511111 0.502667 0.0 0.0 1.0 0.0 0.0 0.492320  0.0 1.0 0.0 0.498720  0.0 0.0 1.0 0.0
6_2 0.868056 1.250000 0.511111 0.505333 0.0 0.0 1.0 0.0 0.0 0.492320  0.0 1.0 0.0 0.497440  0.0 0.0 1.0 0.0
6_3 0.868056 1.250000 0.511111 0.508000 0.0 0.0 1.0 0.0 0.0 0.492320  0.0 1.0 0.0 0.496160  0.0 0.0 1.0 0.0
6_4 0.868056 1.250000 0.511111 0.510667 0.0 0.0 1.0 0.0 0.0 0.492320  0.0 1.0 0.0 0.494880  0.0 0.0 1.0 0.0
6_5 0.868056 1.250000 0.511111 0.513333 0.0 0.0 1.0 0.0 0.0 0.492320  0.0 1.0 0.0 0.493600  0.0 0.0 1.0 0.0
6_6 0.868056 1.250000 0.511111 0.516000 0.0 0.0 1.0 0.0 0.0 0.492320  0.0 1.0 0.0 0.492320  0.0 0.0 1.0 0.0
6_7 0.868056 1.250000 0.511111 0.518667 0.0 0.0 1.0 0.0 0.0 0.492320  0.0 1.0 0.0 0.491040  0.0 0.0 1.0 0.0
7_0 0.868056 1.250000 0.512963 0.500000 0.0 0.0 1.0 0.0 0.0 0.491040  0.0 1.0 0.0 0.500000  0.0 0.0 1.0 0.0
7_1 0.868056 1.250000 0.512963 0.502667 0.0 0.0 1.0 0.0 0.0 0.491040  0.0 1.0 0.0 0.498720  0.0 0.0 1.0 0.0
7_2 0.868056 1.250000 0.512963 0.505333 0.0 0.0 1.0 0.0 0.0 0.491040  0.0 1.0 0.0 0.497440  0.0 0.0 1.0 0.0
7_3 0.868056 1.250000 0.512963 0.508000 0.0 0.0 1.0 0.0 0.0 0.491040  0.0 1.0 0.0 0.496160  0.0 0.0 1.0 0.0
7_4 0.868056 1.250000 0.512963 0.510667 0.0 0.0 1.0 0.0 0.0 0.491040  0.0 1.0 0.0 0.494880  0.0 0.0 1.0 0.0
7_5 0.868056 1.250000 0.512963 0.513333 0.0 0.0 1.0 0.0 0.0 0.491040  0.0 1.0 0.0 0.493600  0.0 0.0 1.0 0.0
7_6 0.868056 1.250000 0.512963 0.516000 0.0 0.0 1.0 0.0 0.0 0.491040  0.0 1.0 0.0 0.492320  0.0 0.0 1.0 0.0
7_7 0.868056 1.250000 0.512963 0.518667 0.0 0.0 1.0 0.0 0.0 0.491040  0.0 1.0 0.0 0.491040  0.0 0.0 1.0 0.0
